// Reference=MNI
// Koelsch S, 2002: Modulation vs. In-Key
// Subjects=10
-52.35	10.79	1.2
-33.09	23.23	8.86
-52.36	2.96	-3.71
-45.76	-19.23	11.45
-48.87	-30.37	19.11
-58.35	-42.09	33.59
-6.26	-12.74	9.34
50.25	15.89	2.94
47.2	18.65	25.05
32.05	26.45	3.38
53.45	3.77	-2.77
50.44	-16.2	14.55
56.87	-30.25	11.2
54.88	-42.98	25.67
60.14	-44.86	14.62
4.45	-12.5	11.43

// Leveroni C L, 2000: Famous Faces > Newly-learned Faces
// Leveroni C L, 2000: Famous Faces > Foils
// Subjects=11
-14.72	39.74	41.84
11.78	53.07	19.23
14.11	47.4	41.98
-5.56	52.6	-12.88
53.55	1.54	9.69
-37.04	21.08	50.35
35.09	34.61	-15.18
12.69	22.84	-13.94
10.45	37.12	-21.8
-5.6	41.17	-23.07
-53.48	-11.9	-16.95
56.52	-6.39	-24.26
-51.06	-42.96	7.93
-47.63	-69.15	26.81
59.11	-52.19	16.36
35.32	-48.64	-18.24
47.36	-65.46	10.91
40.7	5.52	7.27
33	-15.41	-28.8
26.84	-44.75	-8.43
-19.34	-13.36	-25.03
-2.85	-57.84	17.54
48.4	-28.39	22.29
3.68	-56.61	32.98
-19.78	-91.36	26.12
12.72	-47.14	-38.18
-9.71	-47.19	-36.8
24.57	-6.61	-10.49
-15.75	34.61	44.51
11.88	56.3	33.45
-1.22	53.31	-4.06
56.53	-5.16	-22.13
-54.53	-16.05	-15.48
-51.92	-63.88	26.42
-54.29	-44.29	4.73
48.35	-26.7	16.57
41.41	9.59	-36.57
63.4	-49.87	18.35
26.63	-12.82	-22.26
-.61	-52.4	32.67
9.86	-45.76	7.46

// Rosen A C, 1999: Endogenous > Rest
// Rosen A C, 1999: Exogenous > Rest
// Rosen A C, 1999: Control > Rest
// Subjects=13
-40.09	-15.78	55.71
48.45	5.13	42.9
-3.83	6.73	54.52
5.8	9.16	57.55
-49.9	-70.53	9.11
56.95	-52.46	13.06
34.76	-44.48	49.45
40.59	42.87	8.6
-36.31	-59.35	-26.55
27.8	-49.11	-23.69
-22.32	-5.52	7.8
24.65	0.85	3.38
-12.74	-73.93	-24.49
6.57	-71.99	-14.83
-39.01	-13.48	57.73
49.5	4.97	40.67
-3.84	5.51	52.39
5.79	9.08	56.44
-46.69	-71.57	9.16
52.69	-64.37	10.76
62.31	-35.79	21.64
-32.5	-51.94	55.31
-17.45	-63.05	61.64
28.35	-45.66	48.5
-34.19	-56.26	-27.95
24.6	-49.13	-23.65
-12.82	-18.72	-12.39
-35.78	-15.41	60.09
-3.83	3.48	53.68
4.73	6.96	56.63
-46.67	-68.14	12.22
52.7	-65.43	10.85
63.38	-35.79	21.62
-35.28	-55.29	-29.14
18.19	-46.88	-21.53

// Ishai A, 2000: Faces > Houses and Chairs, Photos and Line Drawings
// Subjects=12
-34	-81	-25
41	-82	-15
-39	-64	-28
41	-60	-20
-53	-53	1
51	-59	18

// Nobre A C, 1997: Same-Side vs. Baseline
// Nobre A C, 1997: Right - Rest
// Nobre A C, 1997: Left - Rest
// Subjects=6
1.74	11.11	52.55
12.59	15.82	56.39
10.23	23.08	42.26
47.03	4.06	43.52
49.23	-6.57	44.53
-41.62	5.46	40.41
-22.56	-27.99	3.05
38.55	-67	41.73
64.13	-49.84	17.18
13.93	-82.24	-28.06
42.72	1.92	43.8
46.96	7.9	38.66
51.19	16.01	33.3
-45.93	3.32	40.69
-39.42	-5.17	41.42
40.66	-69.53	37.46
38.52	-58.49	40.89
-26.71	-63.96	8.92
64.13	-49.84	17.18
59.79	-60.9	13.87
-41.89	-57.84	6.33
-42.14	51.89	8.93
47.03	4.06	43.52
46.91	20.66	37.39
-42.18	1.31	-4
38.55	-67	41.73
59.82	-54.11	17.68
63.95	-48.96	3.65

// Paradis A L, 2000: Random - Static
// Subjects=9
-51	-72	3
-27	-81	15
-12	-81	-3
-24	-66	-12
45	-54	6
27	-84	0
21	-66	-6

// Papathanassiou D, 2000: Story - Rest
// Papathanassiou D, 2000: Conjunction analysis
// Subjects=8
-58	-18	4
-60	-32	4
-58	0	-10
-50	10	-12
-44	4	-18
-38	12	-26
-46	-16	-28
-46	-4	-34
-58	-10	-34
58	-16	2
54	8	-16
42	12	-30
40	20	-32
58	-56	14
-24	-80	-30
26	-78	-34
-58	-36	6
-52	6	-6
-52	18	-20
-56	26	0
-60	14	10
-46	-6	-32
-44	-16	-26
-36	16	0
-40	8	32
62	4	-6
66	-10	8
56	30	-12
62	22	2
70	-22	-2
64	-36	10
70	-28	10
64	-50	12
44	-36	10
18	-78	-40
26	-78	-36
10	-66	-30

// Winstein C J, 1997: Movement-Related Brain Areas During Reciprocal Aiming
// Subjects=6
-5.84	-17.17	62.12
-30.41	-20.58	61.57
-28.22	-45.31	58.05
-36.85	-26.42	55.45
-5.91	-20.14	51.22
-18.59	-69.29	49.91
-57.46	-4.44	24.85
65.48	-44.92	13.44
-19.03	-20.05	12.33
-41.41	-39.3	13.09
14.06	-14.65	10.38
-25.54	-2.36	7.58
-21.29	-9.2	1.41
-40.32	-71.96	3.55
-6.11	-78.18	2.56
-9.55	-22.42	-5.42
2.19	-25.86	-9.73
42.97	-72.14	-6.32
5.47	-57.99	-12.65

// Shergill S S, 2002: Greater Activation with Faster Rate
// Subjects=8
-54	32	22
58	-4	42
66	-50	12
-28	-16	-8
-26	-82	42

// Paus T, 1993: Group 2 Normals
// Subjects=9
28.23	6.93	54.13
-8.09	3.54	54.83
30.55	-57.02	52.78
-19.66	-57.24	54.49
4.67	-88.18	9.96
44.05	-71.97	-4.11
-28.38	-87.61	20.33
51.45	-63.97	-11.56
56.93	-52.71	9.74

// Marois R, 2000: Identity Oddballs vs. Fixation
// Marois R, 2000: Location Oddballs vs. Fixation
// Marois R, 2000: Conjunction Oddballs vs. Fixation
// Subjects=14
46.31	-79.47	8.76
-44.52	-80.01	9.85
36.86	-76.76	30.94
-33.67	-77.18	31.79
49.52	-62.99	15.14
-47.72	-64.63	16.4
23.11	-59.98	56.46
-20.69	-61.21	58.18
46.18	-68.78	-4.41
-44.65	-69.32	-3.32
38.57	-58.05	-16.37
-36.23	-58.5	-15.47
10.26	-44.91	59.8
-6.83	-45.01	60.01
58.02	-32.65	21.42
-56.3	-33.16	25.01
45.46	-31.12	56.01
-42.16	-30.51	58.08
27.8	-35.99	-19.21
-27.77	-37.38	-18.46
46.31	-79.47	8.76
-44.52	-80.01	9.85
36.86	-76.76	30.94
-33.67	-77.18	31.79
49.52	-62.99	15.14
-47.72	-64.63	16.4
23.11	-59.98	56.46
-20.69	-61.21	58.18
46.18	-68.78	-4.41
-44.65	-69.32	-3.32
38.57	-58.05	-16.37
-36.23	-58.5	-15.47
10.26	-44.91	59.8
-6.83	-45.01	60.01
58.02	-32.65	21.42
-56.3	-33.16	25.01
45.46	-31.12	56.01
-42.16	-30.51	58.08
27.8	-35.99	-19.21
-27.77	-37.38	-18.46
46.31	-79.47	8.76
-44.52	-80.01	9.85
36.86	-76.76	30.94
-33.67	-77.18	31.79
49.52	-62.99	15.14
-47.72	-64.63	16.4
23.11	-59.98	56.46
-20.69	-61.21	58.18
46.18	-68.78	-4.41
-44.65	-69.32	-3.32
38.57	-58.05	-16.37
-36.23	-58.5	-15.47
10.26	-44.91	59.8
-6.83	-45.01	60.01
58.02	-32.65	21.42
-56.3	-33.16	25.01
45.46	-31.12	56.01
-42.16	-30.51	58.08
27.8	-35.99	-19.21
-27.77	-37.38	-18.46

// Fan J, 2003: Stroop Incongruent - Congruent
// Subjects=12
-50	36	-8
-50	-40	48
-4	-58	50
-26	56	-2
64	-32	36
42	-22	2
50	-46	32
-38	28	14
-42	-24	0
-14	-80	34
40	20	44
4	-84	-6
42	-4	-18
-4	38	30

// Gorno-Tempini M L, 2001: EH vs. Control
// Subjects=10
-64	-48	16
-60	-64	4
-60	-32	-8
-60	-52	36
-40	24	24
-40	20	8
56	-60	12
64	-48	2
44	-80	-8
-24	-8	-16
-28	-12	-20

// Karama S, 2002: Normal Females
// Subjects=20
-4	53	3
2	58	-1
-36	18	-19
51	19	-12
-2	15	21
4	19	21
-32	9	-16
30	9	-18
-18	-5	-6
16	-5	-4
-18	-1	-22
18	-1	-20
-59	-55	23
61	-55	12

// Kesler-West M L, 2001: Neutral - Scrambled
// Subjects=21
42.84	-49.31	-13.81
40.66	-32.23	-12.98
-40.49	-56.15	-12.28
-38.27	-68.49	-6.81
19.21	-6.81	-12.64
60.14	-44.86	14.62
34.57	-96.97	3.67
-17.12	-9.14	-12.03
53.54	29.97	19.57
42.99	15.96	32.02
49.35	-32.92	4.82
36.14	-8.42	-35
-49.21	32.05	0.5
42.55	28.94	-20.37
-14.64	-100.07	-4.43
56.1	-64.5	36.38
-40.8	24.04	-21.23

// Blair R J, 1999: Degree of Sadness vs. Angry
// Subjects=13
48	-30	-30
52	-62	12
-20	-10	-18
44	22	-32

// Peng D L, 2003: Low-Frequency Words, Long Exposure
// Subjects=8
62.27	-47.22	11.44
-42.57	-65.51	-9.24
53.5	-52.84	-19.21
53.61	-58.25	-6.49
-38.28	-69.71	-8.93
-37.24	-86.43	-18.7
-38.35	-78.14	-21.61
40.46	-47.4	-44.05

// Simpson J R, 2000: Negatively - Neutrally  Valenced Pictures, Main Effect 
// of Time
// Subjects=18
40.7	-58.12	-17.5
-29.8	-60.49	-14.27
25.85	-74.62	-9.26
-23.29	-81.43	-10.35
-42.6	-29.59	1.13
-29.47	-89.98	17.2
30.55	-54.82	53.71
-8.15	-97.06	6.4
34.2	20.03	2.78
-8.17	8.22	46.64
19.72	-98.15	17.32
-19.08	-33.68	1.21
-32.05	19.63	3.58
47.28	7.36	30.46
34.65	-80.8	20.15
4.51	22.25	34.16
-20.77	-70.79	44.48
8.62	-27.85	-8.52
-32.05	-35.3	-18.58
-29.32	-51.12	51.86
36.36	-36.83	-17.01
23.46	-6.96	-14.91
-21.41	-9.34	-14.19
41.05	0.4	51.19
-46.77	4.51	29.55
-46.91	-7.95	6.06
-57.32	-27.11	34.55
-6.22	-52.98	-1.78
21.53	-11.43	10.03
-19.38	-49.96	-44.26
-6.49	-31.6	-28.11
9.12	-75.35	37.83
44.97	-1.06	4.43
32.17	47.45	27.27
-10.22	-28.26	43.03
-28.04	63.04	-13.49
4.29	-63.6	-30.01
9.1	7.92	68.77
-3.5	-64.57	68.3
25.51	-47.41	-42.76
-25.73	-75.72	-46.49
29.62	60.76	-20.66
44.82	52.33	6.64
-46.93	31.31	18.38
-47.24	47.95	-14.24
58.07	-42.08	23.33
33.93	-7	-44.02

// Price C J, 1994: Normals 2
// Subjects=6
-38	-50.1	-25.88
-61.37	-49.4	5.83
-52.51	-45.58	23.23
-55.13	12.31	-.38
-48.02	-.53	45.59
-57.11	11.42	13.19
1.76	-52.24	40.89
7.6	-4.49	0.21
-4.54	3.83	66.83
61.6	-28.52	-7.3
61.9	-48.13	12.57
35.37	19.48	-20.56
47.03	4.06	43.52
-48.8	24.27	-10.64
7.97	48.59	39.78
29.78	26.1	50.59
-31.33	-84.76	-18.08
-20.08	-95.64	14.18
-59.22	-47.26	5.58
-50.36	-43.44	22.98
-52.97	12.32	-.42
-48.01	-2.66	45.8
14	-72.9	-20.02
-4.77	-39.5	39.74
5.46	-10.87	0.88
-2.35	10.63	70.6
61.61	-30.65	-7.08
61.88	-41.75	11.94
35.37	19.48	-20.56
40.09	20.27	10.65
47.03	4.06	43.52
-57.15	6.75	9.17
-40.35	29.43	-24.74
7.97	48.59	39.78
-4.77	34.9	54.79

// Price C J, 1996: Aloud - Rest
// Subjects=6
-26.98	-76.88	-14.45
22.83	-91.18	-9.4
-37.7	-67.58	-6.22
35.58	-49.01	-18.27
-.85	-84.05	-.74
7.46	-55.9	-21.59
-56.94	-2.64	23.54
55.28	3.31	12.07
-48.05	-7.33	41.78
44.79	-3.16	35.3
6.25	8.12	66.22
53.05	-38.77	-1.65
-59.42	-9.39	-2.64
61.72	-16.64	4.97
-61.24	-39.64	18.31
59.85	-47.31	21.49
-39.89	13.2	8.23
35.78	16	11.15
-20.5	-15.64	-2.69
9.77	-21.91	-2.58

// Konishi S, 2002: A Minus B
// Subjects=16
36	18	36
38	10	58
38	2	40
46	10	24
36	24	-6
-40	8	38
0	36	40
6	18	50
4	30	58
0	48	34
48	-24	-6
4	-74	40
60	-52	12
60	-22	-14
12	-32	46
-56	-48	42

// Yoo S S, 2004: Real Acupuncture vs. Rest
// Yoo S S, 2004: Real Acupuncture vs. Tactile Stimulation
// Subjects=12
-55	-25	44
-40	-2	-8
48	7	-7
-3	24	43
-57	-11	13
51	-10	2
-57	-51	19
59	-52	19
-53	15	-7
57	4	-7
-46	-48	52
-57	-22	21
-55	-22	20
-12	-19	10
2	-70	-12
0	-51	-28
-22	-73	-18
24	-68	-15
-23	-61	-16
-24	-62	-17
-24	59	12
61	-48	13
-3	33	6
-3	-52	45
4	-52	45
-10	-23	3
-1	-69	-8
-2	-49	-28
-3	-65	-33
-5	-65	-36
-23	-73	-17
24	-67	-18
20	-59	-16

// Becerra L R, 2001: Warm - Baseline, Early Phase
// Subjects=8
4.44	45.6	33.32
50.54	11.23	39.02
58.08	-47.45	22.66
1.22	35.55	27.51

// Derbyshire S W G, 2002: Controls
// Subjects=16
6	-34	-34
4	-24	-8
-16	-12	8
16	-22	4
-22	12	4
28	2	4
8	28	24
4	12	32
-28	34	28
-52	-44	24
56	-44	24

// Barnes J, 2000: Viewed Rotational Motion vs. Rotational Reference
// Subjects=6
-44.49	-65.5	18.66
-41.34	-65.99	11.98
50.55	-62.27	10.61
50.6	-61.75	17.26
8.11	-43.95	58.63
41.94	-71.72	-.77

// Corbetta M, 2000: Target
// Corbetta M, 2000: Valid - Invalid
// Subjects=13
-24.98	-63.61	55.08
-25.06	-55.67	47.73
-27.3	-78.71	25.15
36.94	-48.44	53.1
30.46	-71.16	35.01
58.06	-44.36	21.29
9.11	-73.24	37.66
-7.93	-70.54	46.55
43.34	-44.17	52.67
58.16	-47.74	32.72
62.27	-45.02	12.38
9.14	-75.18	40.05
-3.7	-71.03	39.85

// Milham M P, 2005: Incongruent vs. Congruent
// Subjects=18
34	-32	-24
-12	-24	16
8	-16	-4
-40	-50	-12
-26	-78	-12
-18	-54	-8
34	-78	-8
50	-50	-16
56	-38	-4
2	-70	2
24	-64	6
-26	-66	34
-32	-48	38
2	-54	36
54	-46	26
34	-50	36
-30	56	2
-36	16	6
-42	6	32
36	28	-6
40	14	26
6	20	28
-4	14	48

// Poeppel D, 2004: FM Sweeps vs. Categorical Perception
// Subjects=10
-16	-68	44
-36	-42	40
-34	-8	32
-28	-86	-20
50	4	-4
56	-46	16
50	-60	4
44	-2	28
8	4	48
42	0	44
42	-6	-4
6	2	40

// Vingerhoets G, 2002: Rotated Hands > Rotated Tools
// Subjects=12
12.13	-91.55	-1.34
50.04	-64.44	11.02
-41.88	-71.98	4.37

// Asahi S, 2004: Response Inhibition
// Subjects=17
58	-42	18
60	-52	8
52	-60	10
26	4	50
44	12	38
40	34	30
48	30	18
52	26	26
24	-76	40
34	-74	34
10	-66	52

// Giesbrecht B, 2003: Peripheral, Location
// Subjects=10
-11	0	55
-26	-11	50
-45	-8	35
-49	4	30
45	0	45
-23	-68	45
26	-64	35
-41	-68	-15
34	-83	15
49	-56	10
-34	15	5
34	23	5

// Kim Y H, 1999: Central Expectancy > Control
// Subjects=10
0	6	51
42	-3	54
-42	0	54
33	-51	60
-39	-45	57
63	-42	12
-54	-51	6
48	21	-6
-39	15	3
12	21	30
0	-18	24
36	42	24
-42	-15	54
9	-18	9
-6	-18	9
27	6	-6
-27	6	0
27	-51	-27
-36	-63	-27

// Goldin P R, 2005: Subject-Specific Regression Analysis Using Sadness Rating
// Subjects=13
-6.45	58.79	12.26
57.76	27.2	10.83
-58.4	-69.01	15.77
65.53	-52.06	17.39
61.25	-44.43	20.14
-2.74	-59.99	31.1
29.1	-86.31	-9.43
-19.06	-58.77	-6.73
45.09	-83.3	-13.21
41.93	-69.69	-2.05
53.73	-82.31	-1.13
-22.49	-7.23	-14.35
-3.1	-6.63	5.45

// Williams M A, 2005: Faces > Houses
// Subjects=13
-42	-18	-18
40	-34	-18
56	-54	16

// Ino T, 2004: Normals-All
// Subjects=28
42	6	22
-30	34	40
44	4	46
30	36	24
28	18	52
-12	44	32
22	48	24
10	42	38
-40	-46	26
60	-44	44
42	-72	28
64	-50	16

// Takano B, 2004: rCBF During 5 Hz rTMS > After 5 Hz rTMS
// Subjects=6
-46	-38	22
-32	-28	16
-20	-24	14
42	2	-4
54	-44	26
38	-28	14
-40	8	8

// Bonner-Jackson A, 2005: Normals
// Subjects=26
21.68	-91.22	-3.36
-44.32	-28.49	56.82
-24.3	-91.75	-6.13
-27.14	-57.28	54.58
-45.54	-4.86	45.93
-36.25	-63.07	-19.55
34.22	-56.73	-26.47
39.73	-74.71	-11.64
51.6	8.95	36.97
40.08	-40.3	47.92
-.65	7.64	52.17
-29.48	-81.35	18.71
-28.32	-3.47	62.35
12.91	-27.65	-6.36
22.32	-70.4	-50.83
37.89	1.95	57.78
-26.65	-8.26	0.28
5.37	-75.48	-32.37
-13.79	-27.64	-3.82
32.55	-68.32	30.28
-28.84	19.65	3.54
16.12	-3.43	3.84
36.34	18.9	1.74
17.64	2.43	65.78
26.32	-66.48	54.73
42.87	38.88	25.64
3.19	-37.54	-23.26
-44.75	28.5	23.05
-20.07	-22.97	15.93
56.06	-16.6	50.21
-49.16	-14.71	-12.31
48.13	-13.61	-6.82
14.49	-39.85	55.98
59.14	-51.93	19.68
-65.8	-45.13	36.16
55.93	-30.03	27.92
-51.8	-68.14	40.16
1.17	27.37	18.16
-5.93	-33.52	43.42
-1.54	-86.08	37.74
13.07	-38.09	10.13
-37.87	-86.29	38.18
-48.91	-34.06	12.73
-16.75	-51.41	19.39
-17.52	-42.88	61.07
7.38	34.16	-4.79
-61.62	-69.2	13.6
39.77	-21.55	15.13
1.43	-5.09	38.72
4.82	-19.65	56.63

// Riecker A, 2002: Isochronous Sequence vs. Isochronous Perceptual Baseline
// Subjects=12
-1.66	27.39	43.16
-62.4	4.58	20.68
65.1	-.29	18.99
-8.45	-15.41	10.53
14.23	-19.79	8.34
-50.42	-42.8	18.44
56.55	-45.61	16.89
-57.21	15.05	6.1
56.27	9.18	5.87
-28.18	20.71	-3.91
26.92	20.9	-4.87
-31.6	-55.05	-33.34
36.47	-54.81	-34.52

// Armony J L, 2001: Conditioning Context (CTX+) > Safe Context (CTX-)
// Subjects=8
58	-48	22
-50	-38	34

// Chikazoe J, 2007: Antisaccade - Control Saccade
// Subjects=24
24	-6	54
36	18	-4
-34	18	-4
36	-2	50
52	16	20
-34	-6	50
-26	-6	60
38	36	26
-22	-2	46
-46	6	40
42	56	10
32	22	36
-4	36	28
-4	24	36
10	32	28
12	18	36
2	-10	40
0	2	56
14	36	4
8	20	60
8	-68	56
-28	-58	54
46	-46	46
-6	-56	50
-16	-46	50
-18	-68	52
54	-42	34
-54	-46	44
-62	-36	38
-4	-62	62
58	-30	52
20	-70	40
20	-52	50
-62	-24	36
-10	-78	40
44	-32	40
64	-22	32
-10	-34	0
58	-44	20
46	-54	16
56	-54	4
-40	-80	8
36	-76	26
-30	-76	24
-2	-20	10
26	-36	-42
-6	-2	0
4	-34	2
28	-60	-24
-6	-22	-18
10	0	-2
32	-50	-46
14	-26	-10
-36	-66	-20

// Gowen E, 2007: Independent Tracing vs. Coordinated Tracing
// Subjects=10
42	36	34
30	24	-20
-32	38	38
60	-50	22
48	-76	32
-6	-96	28
-40	-72	-30

// Ries M L, 2006: Normal Elderly Subjects
// Subjects=14
8	-74	32
10	-52	32
-8	-80	28
-56	-62	16
48	-54	28
58	-56	24
48	-58	14

// Tang J, 2006: Physical Task Error Trials > Physical Task Correct Trials
// Tang J, 2006: Conjunction by Masking Across Tasks (Error Trials > Correct 
// Trials)
// Subjects=18
58.65	-41.66	13.1
55.1	-27.59	-8.4
58.22	26.23	-7.05
35.41	20.85	-17.34
-35.92	18.27	-18.11
-16.3	-78.84	-24.52
5.02	-39.39	-39.99
58.62	-41.87	10.88
56.15	-26.73	-10.74
-33.76	18.27	-18.15
-53.69	-46.31	15.48
46.22	29.71	-15.04

// Dick F, 2007: Environmental Sound vs. Language
// Subjects=12
44	10	32
50	28	20
56	-30	14
58	-42	20
64	-20	14
64	-42	12

// Kobayashi C, 2007: [AsCc > AcCs(T)] >> [AcCs > AsCc(N)]
// Subjects=12
61	-52	17

// Malhi G S, 2007: Normals
// Subjects=10
-24.5	53.37	26.31
54.63	15.98	17.38
-43.8	28.36	7.44
-34.81	-21.89	45.01
-40.23	-27.09	33.24
-2.81	-6.89	43.38
66.55	-48.17	12.59
-59.85	-1.57	-6.59
-52.03	-58.4	14.81
-40.4	-24.49	11.83
-50.12	4	9.55
21.48	-58.15	-16.17
51.42	-64.32	-15.99
51.4	-70.03	-21.09
-13.7	-21.16	11.25
24.62	-54.33	-22.1

// Wang A T, 2007: Controls
// Subjects=18
-10	58	28
2	50	20
-2	62	18
48	2	34
-58	18	16
32	14	22
-56	22	20
50	24	10
-44	22	-10
-48	-30	8
48	-24	6
-60	-22	2
54	-8	-2
-58	-4	-8
46	-38	2
50	-60	10
-48	-66	14
38	-70	16
-42	16	-18
38	16	-20
-40	-44	-14
38	-48	-14
-32	-80	-8
26	-74	-10
-26	-78	-6
24	-80	0
-32	-88	8
28	-82	4
-36	-84	-4
38	-76	-2
-12	-94	20
10	-90	14
-28	-74	-28
12	-80	-20
-6	40	48
-6	52	30
0	62	20
-44	42	4
-56	16	14
50	18	24
-56	18	8
50	24	16
-48	30	-2
-52	-28	6
52	-20	10
-58	-22	4
50	-10	0
-66	-30	0
54	-6	-4
-54	-68	8
52	-58	10
-48	-66	12
38	-68	12
-46	10	-26
40	14	-20
-44	-48	-12
32	-46	-16
-32	-56	-10
40	-48	-8
-20	-82	-4
22	-78	-2
-32	-86	8
30	-84	8
-34	-82	-4
40	-74	0
-4	-92	12
16	-88	10
-26	-72	-32
16	-66	-20

// Perani D, 1996: Italian Story vs. Japanese Story
// Subjects=9
52.56	14.45	-29.32
-48.92	10.26	-22.7
-40.12	42.14	-3.59
-28.62	-92.71	23
-45.85	-77.05	30.71
59.8	-63.03	14.08

// Ortigue S, 2007: Passion > Friend
// Ortigue S, 2007: Love > Passion
// Subjects=36
6	12	0
-26	20	-4
36	-4	2
-48	-50	-24
64	-52	16
34	-18	-28
-40	-8	-34
66	-44	32
-18	-96	-8
18	-94	-8
-12	-68	-2
12	-48	-38
-36	-78	-52
-48	-50	-24
64	-52	16
-64	-50	22
66	-44	32

// Woodard J L, 2007: Recent > Unfamiliar
// Woodard J L, 2007: Remote > Unfamiliar
// Subjects=15
-.7	-50.99	22.07
1.34	48.7	-6.16
-48.05	23.91	-4.41
-17.4	35.15	39.24
26.66	25.34	39.11
-59.3	-41.62	-7.14
-56.48	-13.34	-17.36
-45.48	-69.68	27.95
52.71	-61.75	14.33
26.49	-20.42	-15.93
17.88	8.36	15.77
-10.31	-49.23	51.26
1.53	-50.03	20.52
2.19	47.74	-7.65
-18.73	31.33	45.04
-29.39	16.48	56.22
-6	54.76	13.71
-8.63	47.51	30.3
-63.26	-41.46	-7.45
-46.99	-69.05	26.57
56.25	-61.98	15.2
29.19	-42.71	-20.89
15.01	6.31	17.09

// Stark R, 2007: Fear > Disgust, Parametric Modulators
// Stark R, 2007: Fear > Disgust
// Subjects=66
33	57	6
-48	42	-15
-39	48	-3
42	27	39
-42	27	39
36	15	54
42	-45	-30
63	-51	12
3	-60	42
-45	-72	12
-12	-99	15
3	48	-6
-48	42	-9
57	30	-6
27	27	48
0	27	-12
-39	12	45
57	-6	-24
57	-48	12
-45	-57	12
42	-48	-24
3	-57	39
-9	-99	12

// Carlsson K, 2006: Uncorrelated > Correlated
// Subjects=9
26	48	-4
36	24	2
-30	18	6
28	20	64
-34	8	58
52	18	48
58	18	16
42	12	22
-30	-54	40
46	-48	50
58	-54	18
42	-52	-44

// German T P, 2004: Pretend > Real
// Subjects=16
6	31	32
-9	57	25
-3	52	-3
33	20	-11
56	18	10
-39	14	-13
-48	10	16
-30	53	6
-45	40	-12
-50	-52	3
59	-58	14
48	-70	-2
42	-53	-12
-18	-4	-12
21	-10	-22
21	-11	12
-3	9	9
12	-60	-40

// Kozel F A, 2005: Normals, Model Building Group
// Subjects=30
-3	21	48
9	18	42
9	-3	66
36	27	0
48	15	-9
51	24	-6
-9	-3	6
12	0	9
12	3	-3
27	51	33
36	42	21
33	45	33
60	-45	21
66	-48	12
-57	-42	30
-57	-51	39
-30	12	9
-30	21	6

// Langleben D D, 2005: Lie > Repeat Distracter
// Subjects=26
34	22	-8
37	19	-11
56	26	17
56	12	3
37	19	-1
51	15	-14
8	34	40
12	31	35
16	18	51
7	21	36
56	-52	36
48	-48	50
59	-45	32
56	-50	17
42	-60	47
-30	14	-14
-26	11	-17
-38	16	3
-34	16	3

// Killgore W D S, 2003: Low Calorie Food + High Calorie Food
// Subjects=13
-38	1	-10
-22	-12	-15
-63	-23	16
-34	-36	-22
-44	-47	-16
-26	-86	-14
4	54	-8
22	-5	-17
61	-17	12
61	-48	10
4	-51	36
2	-60	14

// Ortigue S, 2007: All Primes > Rest
// Subjects=29
6	-8	10
6	12	0
6	-22	-22
36	-4	2
-26	20	-4
-30	20	-4
-20	20	-4
36	-88	-18
-48	-50	-24
64	-52	16
56	-70	-2
34	-18	-28
-40	-8	-34
-64	-50	22
66	-44	32
-18	62	16
-46	26	26
52	38	22
66	-14	-8
-44	-26	-20
-64	-22	-10
-18	-96	-8
18	-94	-8
16	-76	20
-12	-68	-2
10	-40	20
-6	-42	8
64	2	24
12	-48	-38
-36	-78	-52

// Martin R E, 2004: Voluntary Saliva Swallow
// Martin R E, 2004: Voluntary Tongue Elevation
// Martin R E, 2004: Voluntary Finger Opposition
// Subjects=14
-59.61	-14.49	19.02
-61.62	-23.07	32.03
-.76	14.1	39.37
2.55	3.17	49.17
2.61	-2.83	54.13
3.93	-67.15	61.74
1.68	-84.91	38.72
40.76	-3.65	12.5
47.53	-7.68	56.25
-58.58	-.56	20.07
-55.26	-10.35	30.89
54.59	41.87	21.9
-52.27	41.23	23.19
62.25	-46.25	10.25
-59.72	-5.74	8.25
-47.87	-4.64	21.41
51.63	-1.71	36.74
51.74	-14.85	45.65
62.4	-17.25	41.27
5.72	3.38	44.65
3.68	2.72	57
23.52	7.9	-1.66
-15.99	3.61	1.39
10.8	-16.32	2.75
-8.4	-9.58	9.1
-3.54	-62.71	64.8
58.07	-28.87	28.91
-55.26	-30.15	22.51
65.29	2.49	7.24
-57.6	-2.64	6.85
52.44	1.1	4.16
-55.52	7.77	3.72
51.46	38.22	30.05
34.72	0.16	62.43
-38.3	36.62	31.22
14.41	-2.25	60.64
-25.16	-6.17	54.73
58.04	-47.88	17.12
1.56	-4.87	55.43
3.62	-2.28	47.38
24.68	3.39	8.75
-22.34	3.11	9.31
-41.12	-37.36	51.95
54.91	-43.78	29.08
-23.02	-11.61	52.93
-46.46	-20.84	59.55
11.34	-60.22	54.38
12.34	-72.96	40.94
64.36	-39.98	8.58
37.47	11.93	7.88
-35.19	11.5	8.75

// Payer D E, 2008: Normals
// Subjects=12
-22	-4	18
44	4	26
-46	46	-6
-38	-4	50
0	28	46
-8	12	46
42	-42	24
50	-74	2
-28	-68	40
22	-4	-16
40	-4	50
-48	-46	8
62	-50	14

// Carlsson K, 2000: Tickle vs. Rest
// Carlsson K, 2000: Tickle vs. Anticipation
// Subjects=7
16	60	16
40	20	0
-60	4	4
4	16	40
20	-40	68
12	-48	68
-24	-36	68
-32	-40	64
56	-24	24
44	-32	32
60	-48	12
-60	-20	16
44	4	0
-60	-4	8
-48	8	0
60	-24	24
60	-48	12
-64	-20	12
24	-40	68
12	-48	68
-24	-36	68
-32	-40	64

// Henson R N A, 1999: New > Remember Responses, (Retrieval + Encoding)
// Henson R N A, 1999: New > Know Responses, (Retrieval + Encoding)
// Subjects=12
30	39	48
18	6	54
-51	-6	3
39	-3	-6
-30	3	-24
33	3	-24
-12	-45	57
-51	-21	30
21	-45	51
42	-30	45
-33	-75	12
51	-60	9
18	54	42
-36	-6	-3
45	-12	-12
-24	-3	-24
24	-9	-18
12	-51	33
63	-15	-18
54	-21	-12
-60	-33	15
66	-21	15
-51	-51	-9
57	-63	15

// Sharot T, 2004: Emotional, Know > Neutral, Know
// Subjects=13
5.62	44.6	47.89
60.22	-45.24	23.57

// Brunet E, 2003: Normals
// Subjects=8
56	-74	0
46	-78	-10
42	-50	-18
16	-102	6
58	-52	18
54	8	-28
-12	24	-12
-14	-42	22

// Grosbras M H, 2006: Face, Angry > Concentric Circles
// Subjects=10
-40	-4	44
44	4	48
-52	20	28
52	12	24
56	20	28
56	24	20
0	8	56
-52	-60	8
48	-56	8
56	-36	-4
-52	-44	4
52	-52	4
56	-40	0
56	4	-20
-48	-80	-12
48	-84	-4
-44	-56	-20
-40	-68	-24
44	-56	-20
-8	-80	-36
-32	-68	-52
-20	0	12
20	0	0
-20	-8	-12
20	-12	-12
24	-20	-12
-44	28	-8

// Redcay E, 2008: 3 Year Olds
// Subjects=10
3.21	29.7	6.79
-15.01	38.94	3.99
-26.93	49.21	-13.46
48.45	10.59	44.67
48.2	35.49	22.51
20.57	41.26	44.65
55.86	-54.92	8.82
29.92	-35.01	-20.43
-59.81	-9.94	-4.78
-59.65	-29.18	7.99
-46.82	-25.76	9.78
-44.35	-65.1	37.59
-25.71	31.04	-.8

// Lissek S, 2008: Deception > Cooperation
// Subjects=13
-38.29	26.48	-33.45
-40.24	30.26	-15.86
-44.69	27.08	-26.67
-18.27	54.93	17.18
-20.57	53.89	6.12
-1.11	65.01	9.17
-7.33	18.81	20.57
12.1	23.13	19.81
3.54	8.42	23.66
-4.72	-45.67	42.59
10.34	-57.08	34.5
-41.63	-44.92	29.7
-37.37	-56.37	21.8
42.54	-56.3	18.19
51.13	-63.27	12.01
-41.91	-44.87	7.29
57.07	-3.84	-18.62
61.44	-16.59	-17.44
-15.44	-60.39	46.48

// Sanjuan J, 2007: Normals
// Subjects=10
-62	-16	6
48	0	-14
-60	-38	10
64	-48	12
-34	28	-12

// Vollm B A, 2006: Conjunction, ToM + Empathy (common activations associated 
// with processing ToM and empathy stimuli)
// Subjects=13
-21	35	51
-53	-57	19
-53	-9	-18
-50	-4	-30
-27	-96	10
-21	-102	-2
-9	-52	3
-30	-80	-26
15	37	51
6	8	-16
53	-60	17
59	-12	-15
18	-101	11
42	-87	4
21	-83	-26

// Coull J T, 2004: Activations Due to Increased Attention to Time
// Subjects=12
6	3	54
60	24	12
21	36	33
27	3	63
-42	15	-12
63	-21	-21
66	-36	0
-51	-48	33
48	-45	33
-18	9	-6
66	-48	18

// Kuchinke L, 2005: Words > Nonwords
// Subjects=20
-36	27	45
-15	57	9
-48	-69	30
-63	-21	-24
-63	-54	-9
-39	-69	42
-21	39	42
-39	-78	36
-12	57	39
-6	-30	33
-6	27	-18
54	-63	18
42	-69	33
12	-57	27

// Buchsbaum B R, 2005: Areas in Both the Read and Hear Activation Maps
// Subjects=17
-46	12	12
65	-42	13
-61	-11	17
-34	35	-2
50	20	14
-55	-2	41
-50	-38	20
53	8	36
-60	-40	13
6	-16	22
-53	-40	9
-55	-39	4
38	-56	53
65	-47	-1
-65	2	33

// Fu C H Y, 2006: Self Undistorted Feedback> Rest
// Subjects=13
-6.65	12.81	-31.83
-49.37	6.21	-30.79
-52.5	-.69	-23.48
-17.17	-18.46	-22.4
-55.67	-.28	-17.9
8.28	45.57	-22.48
54.37	7.78	-19.84
8.33	31.82	-21.33
0.95	4.28	-18.94
-17.08	-31.78	-15.7
-59.74	-38.92	-7.92
-55.62	0.23	-11.25
61.95	-3.3	-12.31
62.06	-33.96	-9.74
-41.64	-20.84	-9.65
-3.23	-6.86	-11.26
1.35	-76.19	0.08
-59.72	-34.26	-2.74
-55.57	0.66	-5.71
-41.81	35.64	-8.81
62.09	-30.36	-4.47
66.3	-12.36	-6.02
43.82	-2.98	-6.55
8.57	1.38	-2.05
62.05	-5.53	0.14
-55.52	1.17	0.93
-10.6	-9.13	1.28
12.88	-2.65	0.47
-37.49	36.17	-2.21
-63.93	-38	4.31
66.42	-18.82	6.78
-59.72	-9	7.41
-63.89	-37.58	9.85
-41.56	-5.72	6.93
62.2	-21.5	13.75
-3.14	20.4	10.99
-52.21	-2.1	13.44
58.01	-42.68	15.57
13.23	-70.44	18.42
-59.56	-24.98	21.02
62.24	-21.07	19.29
-14.67	-14.68	26.33
5.69	-28.3	27.24
9.07	-76.92	31.27
-59.46	-38.21	28.81

// Chikazoe J, 2009: Disjunction Analysis, Stop vs. Uncertain-Go but not 
// Uncertain-Go vs. Certain-Go
// Subjects=22
46	16	16
28	52	28
-42	12	28
-24	16	2
-34	20	18
-36	16	-10
56	-43	24
-44	-44	52
-54	-36	38
54	-46	56
4	36	26
-2	-24	36
20	4	6
-14	4	6
8	-6	6
-4	0	6

// Bingel U, 2006: Main Effect of Painful Laser-Stimulation
// Subjects=19
42	-42	48
57	-21	21
63	-51	12
39	-6	0
3	30	39
6	39	9
9	-18	9
18	-3	-15
30	-63	-33
18	12	-3
-54	-42	48
-60	-15	15
-60	-36	12
-39	6	3
-3	18	48
-6	42	12
-12	-9	0
-18	-3	-15
-33	-72	-21
-15	15	0

// Kato J, 2009: Positive Political Advertisements, Unchanged > Changed
// Subjects=40
-15.29	-75.72	54.71
12.13	-42.34	8.36
5.55	-89.01	-8.2
-22.61	-62.31	-8.12
0.78	26.9	-19.59
27.1	-57.67	-7.18
-69.14	-38.97	-8.52
50.78	-62.57	-14.95
48.16	9.46	-36.6
-46.35	-78.56	-8.35
-35.89	-37.33	-27.18
50.67	-14.19	-14.13
53.03	-29.1	-1.49
-31.46	-16.82	-14.71
29.32	-77.98	-6.33
63.09	-49.53	20.53
-41.61	-72.13	25.67
-28.44	-69.46	41.99

// Liu P, 2009: KI8 Acupuncture vs. Rest
// Subjects=28
-45	-57	17
56	-57	17
31	-84	4
-3	-80	26
12	-90	16
-42	-60	14
6	-77	37

// Pariente J, 2005: Normals
// Subjects=17
24	-16	-14
60	4	-20
54	-60	12
-10	-40	48
6	-78	2
30	-60	-20

// McNab F, 2008: Stop > Go
// Subjects=11
48	15	-6
6	9	48
33	24	-6
-45	15	-9
-33	21	6
-30	6	15
-63	-57	6
-45	-81	-12
-57	-54	18
12	-72	45
51	-72	-6
51	-57	12
9	-18	9
6	-24	-6
-3	-18	-6
-3	-27	30

// Perani D, 2001: RE vs. OGO
// Subjects=16
-16	10	68
-50	-64	8
54	-62	8
8	-82	0
-42	-38	32
-12	-84	36
40	-64	-8
-32	-58	60
26	-52	72
-50	-44	28
-38	-42	56
60	-48	20
42	-44	56
-2	-56	52
0	-66	48
22	12	-36
24	-82	-16
-14	-68	-48

// Tricomi E, 2009: Normals, 1-Day Group
// Subjects=16
12	3	69
-33	-6	51
39	0	51
6	12	51
-45	-36	39
-45	-3	36
-27	-75	30
6	3	27
3	-24	24
63	-45	15
54	12	9
12	3	6
-27	30	3
24	24	-3
9	-9	-6
45	-54	-18
-30	9	-24
0	-57	-36

// Behrens T E J, 2007: Main Effects of Decide
// Subjects=18
38	-88	-12
-44	-72	-12
28	-96	-2
26	-90	-8
34	-44	-20
-44	-62	-18
-36	-50	-34
60	-40	20
66	-46	16
46	12	-4
42	18	-4
38	20	-14
42	18	-8
6	20	26
4	16	30
2	-8	48
-8	-8	52
2	6	60
4	16	56
0	-8	68
-44	-4	2
-38	-2	6
-34	18	6
-32	14	10
-46	8	0
-28	24	0
-20	2	-2
18	0	-2
-54	-24	14
-48	-26	12
-56	-22	20
-30	-56	52
-34	-54	54
-38	-34	42
8	-22	-4
-8	-18	-4
24	-34	-6
10	-20	2
-12	-20	0
34	28	26
30	30	24
36	46	34
32	48	22
28	54	12
-34	46	24
-32	56	20
6	-24	26
48	-24	16

// Kinno R, 2008: Noncanonical/Subject-Inital Passive Sentence > Fixation
// Subjects=14
-39	-3	45
45	18	36
-51	21	24
-54	27	3
3	18	51
9	3	3
-54	-54	6
51	-60	9
-39	-57	54
-30	-81	30
42	-78	6

// Mitchell D G V, 2009: Reversal Errors vs. Correct Control Condition 
// Selections
// Subjects=16
7.93	22.21	60.89
-37.24	20.08	23.67
53.35	30.2	-4.98
-48.19	29.34	-7.09
-27.79	18.43	1.4
-22.87	-3.47	75.67
-6.62	20.82	-24.7
20.12	46.49	-11.54
65.22	-21.25	-10.84
59.13	-53.07	18.66
-1.81	-80.1	4.9
-35.18	-69.67	-22.36
4.33	-21.36	-6.79
22.67	-79.92	-8.78
-45.52	-58.47	27.01
33.79	-75.32	49.81
-5.3	9.22	4.14
18.23	8.47	6.16
35.51	-43.41	8.09
5.42	-65.11	-22.09

// Peters J, 2009: Subjective Value Correlation Delay Discounting
// Subjects=22
20	-16	44
-46	10	-34
-64	-36	40
-58	-42	40
-60	-54	34
60	-40	42
-62	-54	0
52	30	-4
50	38	-16
46	-44	30
52	-56	24
56	-44	26
56	-36	-10
58	-28	-14
46	-6	-36
54	-12	-8
-60	-62	6
64	-22	-24
-34	16	28

// Cohen M X, 2008: Reward > Loss (p <. 001)
// Subjects=15
60	8	-7
63	5	0
65	-30	25
65	-15	8
30	-2	-7
30	8	10
8	-52	23
68	0	20
33	35	-10
8	28	-10
60	-5	-17
48	-55	5
38	5	8
68	-47	-10
50	-47	-15
53	40	10
3	-17	40
13	-35	35
10	-12	45
25	-2	-15
-60	-35	38
-57	-27	10
-12	-87	33
-12	33	55
-17	23	60
-30	-12	10
-2	-55	20
-60	8	38
-47	-17	40
-30	-22	-20
-30	30	-10
-47	-62	23
-47	-5	-22
-52	-60	0
-60	-7	-7
-35	0	10
-40	-40	-15
-45	30	18
-42	33	5
-30	-10	-17
-10	48	48
-5	-35	45
-2	-37	38
-2	33	13
-45	-70	35
-22	0	-12
-22	0	-14

// Wiech K, 2006: Main Effect of Pain
// Subjects=12
57	0	3
-39	-18	15
-42	3	-9
-36	0	9
-54	-18	12
-15	6	0
15	6	-3
12	9	15
-51	-24	27
51	-45	33
51	42	-9
24	30	-15
-24	39	-9
-21	21	-6
-57	-42	36
0	31	2

// Liljestrom M, 2008: ACT vs. OBJ
// Subjects=15
-56	-42	26
-62	-50	8
-46	18	-22
-4	18	42
-52	6	44
60	-48	12
54	-66	-4
36	-58	-42
46	8	-8
50	-2	-14

// Strangman G, 2005: Sleep Deprived > Normal Sleep, SpaceDock vs. Fixation
// Subjects=6
45.22	10.32	41.39
61.15	-54.26	3.13
38.99	-58.17	37.16
-39.15	-59.92	21.48
51.66	-59.63	17.07
9.56	-11.53	-17.71

// Herpertz S C, 2001: Healthy Controls
// Subjects=6
48.95	-59.02	11.63
-54.74	-75.65	11.68

// Shulman G L, 2002: Delayed Activation of BOLD Response
// Subjects=22
64.52	-39.41	29.72
58.05	-46.65	19.25
17.66	-64.38	41.28
11.36	-74.31	51.1
-36.36	14.86	-2.67
40.57	19.55	-3.94
36.32	24.27	2.4
40.81	8.92	23.71
8.88	16.61	43.51
47.39	1.87	42.07

// Zandbelt B B, 2011: Healthy Controls
// Subjects=22
-56	-44	28
-56	-44	36
-52	-28	40
-56	-32	32
-36	-24	32
-48	-36	32
-44	-60	36
-12	-20	4
-12	0	4
12	0	4
12	-20	8
8	-8	8
16	8	0
-12	-32	4
16	-32	8
20	-12	8
24	-20	8
32	-64	44
60	-36	28
16	-80	44
40	-36	36
-8	-80	40
-16	-84	40
-4	-64	56
-24	-52	60
-20	-76	36
64	-44	12
32	-44	44
52	-32	32
-20	-72	44
12	-88	32
56	-32	-12
48	-32	-8
-24	-64	56
52	-32	44
64	-48	32
52	-44	0
68	-20	-12
60	-24	28
-40	-8	48
-24	-4	52
-24	0	64
-24	-12	64
-20	-4	68
-16	-20	68
52	16	-4
36	24	-4
52	8	12
4	16	44
4	8	52
4	32	40
44	24	36
20	44	32
52	4	44
40	0	48
32	32	36
16	4	64
-8	36	36
52	4	36
52	8	28
16	-20	64
4	16	60
4	0	68
4	-12	64
40	20	48
16	-20	72
36	-4	60
32	48	24
4	16	28
8	-16	68
36	20	4
44	-76	4
36	-80	24
28	-76	16
52	-60	0
52	-56	-16
48	-48	-12
-28	40	36
-32	28	40
-40	40	24
-48	12	-8
12	-44	36
12	-28	36
16	-44	24
-24	-76	16
-36	-52	48
32	20	0
40	52	20
48	16	8
36	44	28
36	-4	48
40	0	44
24	-4	60
40	0	32
52	16	28
48	8	28
28	52	24
40	-4	60
52	20	20
20	0	8
16	8	8
44	0	56
20	4	68
12	12	4
40	16	48
48	28	28
40	32	32
36	24	36
-28	24	-8
-40	16	4
36	-52	36
56	-40	28
20	-72	36
48	-40	4
44	-52	36
56	-48	28
48	-60	0
56	-44	36
64	-44	16
52	-56	40
60	-4	8
52	-44	48
32	-72	20
44	-72	8
28	-68	56
4	28	36
-40	0	32
4	12	48
-4	8	48
-20	-8	60
8	16	40
-8	28	20
4	28	52
-44	-4	44
-44	4	20
8	32	24
-28	-64	36
-20	-68	40
-12	-72	36
8	-16	8
48	-24	-12
56	-28	-16
60	-24	-12
-56	-44	20
-60	-52	32
-56	-44	36
-64	-52	20
-56	-48	8
0	-20	-12
-32	52	28
-36	36	36
-40	48	16

// Mashal N, 2007: Novel Metaphors > Literal Expressions
// Subjects=15
-46.97	34.23	14.79
65.51	-50.12	15
43.82	32.15	7.23
-50.01	20.61	31.58
3.36	29.04	25.8

// Koelsch S, 2005: Irregular Chords > Regular Chords, All Adults
// Subjects=10
-58.33	12.61	3
-48.62	27.85	4.69
-43.41	17.7	-12.32
-52.66	4.72	21.62
-54.97	-34.69	2.02
-62.29	-49.32	18.16
57.33	12.37	5.54
48.62	33.72	4.7
51.65	21.22	-14.29
47.89	3.47	25.63
55.22	-32.18	-.1
63	-49.09	13.77
63	-49.09	13.77

// Kounios J, 2006: Insight preparation> Noninsight preparation
// Subjects=20
-50.91	-63.42	18.56
-3.29	45.18	1.1
-1.68	-45.81	35.48
56.97	-63.29	10.62
-25.68	-7.16	-13.21
-65.1	-33.58	-7.2

// Contreras J M, 2012: Categorical Knowledge (Social > Non-Social)
// Subjects=19
-4	-58	28
-8	56	34
-4	48	-8
-50	-10	-22
60	-2	-22
-56	-60	24
56	-56	18
-12	-96	-4
-26	-74	-16
-10	38	50

// Greimel E, 2010: Self > Control
// Subjects=15
-2	62	10
-14	48	36
54	30	-6
0	-18	38
-48	-66	28
64	-46	20
-56	-64	22
54	-36	-4
52	8	-36
44	18	-34
-2	-50	30
-2	-58	34
12	-50	28
-4	-68	20
-6	-62	2
10	-62	0
34	-78	-38
-30	-84	-36

// Jack A I, 2013: Social > Mechanical
// Subjects=45
14.43	-98.72	24.12
28.89	-82.91	-34.25
-22.41	-78.99	-33.99
-53.99	-65.41	34.38
-60.51	-59.96	22.84
56.02	-56.55	29.03
3.46	-57.78	4.08
2.61	-54.41	33.92
4.17	-54.94	-41.89
-5.07	-46.65	11.06
65.45	-44.12	10.03
7.67	-38.63	3.54
-54.34	-39.35	-.14
-36.04	-31.27	20.16
-8.46	-32.1	-6.85
19.29	-27.87	-9.76
56.71	-27.48	-7.99
-60.85	-27.21	-7.78
2.56	-18.66	42.08
-20.31	-18.85	-13.41
57.69	-16.27	-14.52
3.37	-14.8	9.4
72.63	-13.09	-16.07
23.5	-12.07	-12.25
-54.58	-6.71	-18.49
52.18	1.71	-29.34
-50.43	3.03	-30.51
35.12	14.09	-19.04
-37.57	13.4	-21.49
40.3	13.47	-41.35
4.76	24.82	67.4
3.12	18.81	-10.14
57.76	23.94	9.99
53.39	25.09	-2.32
-46.06	26.01	-9.07
19.48	36.68	40.59
15.29	41.91	53.58
2.97	42.54	-19.94
-1.06	53.88	17.08
20.46	55.55	36.76
5.53	55.72	40.26
-14.88	58.88	27.97

// Liu-Ambrose T, 2012: Incongruent trials > Congruent trials
// Subjects=52
2	2	32
38	-20	0
-38	-32	36
56	-48	14
-28	-36	56
-22	-66	16
-18	-60	4
-20	-68	6
-34	14	-16
-62	-8	-12
-60	4	-12
-54	16	-22

// Guo X, 2013: (Painful - Nonpainful for Violent) - (Painful and Nonpainful 
// for Nonviolent)
// Subjects=20
-54	-8	-32
56	-54	16

// Corradi-Dell'Acqua C, 2014: Beliefs > Photos
// Subjects=46
8	56	12
-4	44	-14
6	-54	30
58	-46	22
66	-24	-4
26	-22	-16
-48	-58	24
-64	-20	-12
-20	-28	-12

// Das P, 2012: Healthy Control
// Subjects=19
50	18	20
40	12	32
42	8	44
-44	12	24
-38	2	46
-40	-2	34
16	8	66
62	-42	18
44	-78	28
50	-62	-6
38	-64	-10
32	-90	-4
40	-82	18
32	-70	32
32	-58	48
56	-20	24
58	-18	50
14	-74	-38
-30	-92	-8
-36	-88	18
-36	-84	34
-58	-46	14
-60	-58	10
-42	-58	-8
-28	-44	-16
-16	-72	-40
4	-26	-4

// Kobayashi C, 2006: Conjunction among three groups
// Kobayashi C, 2006: Conjunction between Japanese L1 and L2
// Subjects=32
22	40	20
18	28	24
34	28	24
-40	-14	-1
-12	-60	44
60	-44	20
-53	-40	21
10	25	-3
18	42	20
18	27	26
57	-44	21

// Schnell K, 2010: 3pp > 1pp
// Schnell K, 2010: (3 pp visuospatial > 1 pp visuospatial) > (3 pp affective 
// > 1 pp affective)
// Schnell K, 2010: 3 pp visuospatial > 1 pp visuospatial
// Subjects=21
30	9	57
27	21	45
-27	9	54
-54	-51	21
-51	-39	6
63	-48	18
57	-54	15
57	-54	24
9	-54	54
-9	-45	48
-33	-36	51
42	-78	33
-39	-75	36
66	-45	30
66	-45	18
-48	-51	18
-63	-45	18
-54	-54	36
66	-45	18
60	-57	24
66	-42	33
-3	-54	57
6	-48	51
-6	-42	48

// Bartels A, 2004: Faces > Rest
// Subjects=5
-44	-46	-24
44	-46	-26
-58	-58	16
56	-62	12

// Bensafi M, 2008: CO2 > Baseline
// Subjects=8
6	39	15
24	-69	-30
69	-21	6
66	-51	12
3	-63	-27
-51	-12	9
-60	-36	36
-66	-39	15
57	-24	27
57	-42	48

// Loggia M L, 2014: Healthy Controls
// Subjects=14
-36	-4	48
-30	-60	-22
48	-28	16
-2	-4	68
52	-60	12
-62	-38	20
4	-28	-4
12	-18	38
34	-78	-10
-10	-8	66
16	-4	66
-10	-20	12
-52	-64	8
-4	-78	-2
-10	-68	8
56	-50	20
12	2	16
-10	2	8
18	-38	64
32	-26	14
20	-76	-40
4	-4	42
-12	-44	64
40	24	4
20	-62	10
12	-16	14
14	-22	70
42	-2	46
-16	2	0
-16	-18	70
6	-14	-10
-4	28	54
22	-52	52
-30	-46	44
-44	8	-6
26	-30	-24
-38	-22	0
-60	-36	36
-4	18	-12

// Mechelli A, 2009: Nogo > Go
// Subjects=7
42	22	42
26	-2	48
42	0	38
62	-48	16
48	-30	-8
40	-40	44
28	-64	48
8	-62	50

// Ding X, 2015: Integrative body-mind training (IBMT) > Relaxation training 
// (RT), Post-training
// Subjects=16
5	-20	38
49	14	-2
26	0	-2
-34	44	24
40	45	13
56	18	17
-62	-42	25
58	-42	26
-64	-44	20
64	-46	11

// Friedman D, 2009: Target Tones > Baseline, p<0.00001
// Subjects=15
32	24	-4
34	26	8
6	-6	64
-44	-11	48
50	-10	8
2	20	38
58	-44	12
-55	-19	45
-51	-27	36
48	-20	18
32	18	6

// Habib R, 2010: Healthy Controls
// Subjects=11
-.7	58.24	40.09
-56.52	-2.09	-28.07
7.83	-94.66	0.16
27.77	-0.08	57.7
-17.42	-24.08	67.57
51.38	23.95	49.32
42.6	39.35	42.34
-17.82	-80.66	24.99
-34.79	-18.17	62.8
29.66	23.04	40.81
55.47	-60.92	13.94
-37.39	-59.77	19.89
67.09	26.85	10.66
-33.08	25.49	36.04
27.32	35.92	29.49
71.26	-13.6	-8.94
-22.97	60.83	-11.33
-31.54	-87.48	-35.73
31.74	27.95	35.81
-37.74	26.28	10.27
-.84	39.66	25.12

// Hall D A, 2000: Main Effect of Task: Target Discrimination - Passive 
// Listening
// Subjects=6
-58	-52	18
-58	-28	0
-44	-48	60
0	0	48
-46	-20	28
-50	-8	44
-56	-24	42
-2	-28	26
-12	-20	0
-36	20	0
46	-28	8
52	-40	0
58	-48	18
2	0	58
50	12	42
54	-16	44
50	-20	44
-2	-32	26
34	24	0

// Nahab F B, 2009: Gape vs. Baseline
// Subjects=18
-45.02	-69.24	18.43
47.95	-68.69	17.31
-38.66	-82.92	6.12
54.3	3.2	37.98
63.91	-42.96	18.32
-38.68	-.79	36.03
2.85	-38.26	1.9
-10.17	-13.99	-13.37
9.46	13.22	47.69
47.59	26.48	9.34
60.74	-19.48	33.11
-15.87	-10	80.04
28.91	-53.54	49.72
-38.85	-51.97	-6.51
57.26	-48.74	-14.58

// Kujala M V, 2012: Control subjects
// Subjects=18
23.48	-12.24	-14.46
50.55	-58.92	12.56
-49.91	-66.3	8.76
-68.13	-53.8	6.8
56.07	-65.9	32.04
7.56	66.76	31.51

// Scherf K S, 2007: Adolescents
// Subjects=10
42.76	-50.16	-24.89
49.47	-76.71	2.91
65.46	-49.49	9.37
59.73	-4.08	-22.25
12.23	-58.76	31.94
-40.17	-71.56	22.47
-49.28	18.16	-13.95
42.58	27.08	-16.86
6.57	62.07	39.72
-4.85	1.78	59.4
-4.55	48.75	-21.49
46.41	-3.8	51.48

// Scherf K S, 2007: Adults
// Subjects=10
43.81	-43.73	-24.32
-39.51	-47.23	-20.84
54.74	-68.64	-3.4
-48.82	-72.64	9.28
53.77	-55.48	15.58
57.7	-15.12	-13.5
43.75	-14.66	-20.07
-47.73	-57.06	17.99
-59.48	-48.24	22.96
42.42	6.79	-45.27
1.58	-52.93	39.39
44.24	-1.95	48
-18.69	-25.25	55.14
-12.36	11.25	58.7
4.43	54.31	35.93
-12.65	48.92	36.58

// Simmons W K, 2010: Persons > Buildings
// Simmons W K, 2010: Persons > Hammers
// Subjects=12
-0.08	62.8	8.51
-1.74	-50.89	24.75
-18.54	-47.91	64.85
51.64	-59.89	13.74
-53.34	7.16	9.33
-6.33	55.68	27.02
-53.22	-15.76	15.71
28.43	-37.06	63.4
2.05	67.22	10.35
4.63	-53.48	18.21
-16.42	-48.07	62.6
51.62	-60.06	11.53
-46.91	0.85	9.78
-4.18	55.86	29.21
-44.66	-19.94	15.96
26.32	-39.01	65.81

// Natale E, 2009: Main Effect of Endogenous Invalidity, Invalid > Valid
// Natale E, 2009: Simple Main Effect of Invalid Exogenous Cues
// Subjects=14
6	10	68
-10	16	66
24	8	56
-8	-68	54
8	-64	54
56	-42	36
58	-44	20
44	12	32
54	18	2
-58	-48	34
-36	-46	44
6	8	68
-10	18	64
24	8	56
-10	-68	52
10	-70	54
54	-44	40
58	-44	22
44	10	22
58	20	4
-58	-50	36
-32	-46	46

// Peigneux P, 2004: PO vs. OO and NI vs. FC, P < 0.05
// Peigneux P, 2004: FC vs. SA and FI vs. NI, P < 0.001
// Peigneux P, 2004: FC vs. SA and FI vs. NI, P < 0.05
// Subjects=12
-54	-78	6
52	-74	2
58	-54	6
60	-44	14
64	-46	34
68	-44	26
-44	26	-2
-12	-2	20
58	-48	22
4	-26	12
34	12	-22
-56	-54	20
-46	-60	14
56	22	10
44	10	24
58	-54	14
44	12	16

// Zarate J M, 2010: IGN 200c - Simple
// Subjects=9
-54	-4	0
-60	-22	8
62	-14	-2
58	-46	12
64	-20	10
52	10	26
54	-44	36
56	-52	12

// Christodoulou J A, 2014: Typical Readers
// Subjects=12
-.18	17.23	72.15
33.34	29.22	-8.05
-52.68	-46.83	9.91
59.76	-45.81	14.62
-35.44	-79.92	-.56
40.54	-90.13	23.81
53.27	-80.9	6.99
-40.35	-51.56	-41.38
-7.81	-85.48	-38.58
-7.48	-15.17	1.53
14.06	15.1	2.65
4.86	-39.47	-52.31

// Lotze M, 2006: Body referred movements - Isolated hand movements
// Subjects=20
-48	-57	15
54	-57	9
60	-39	3
57	27	3
-45	-60	24
-60	-48	12
-51	-21	33

// Scherf K S, 2010: Typically-developing (TD) Controls
// Subjects=10
43.79	-43.9	-26.54
-40.55	-54.64	-20.21
53.77	-58.82	13.63
-66.18	-31.56	-8.47
-43.07	20.46	-39.86
-40.05	-59.27	43.74
0.02	63.83	21.8
-5.53	45.2	-12.26
9.89	51.23	50.63
23.84	26.65	48.07
6.59	61.18	42.02
1.38	42.72	51.44
34.05	63.47	0.26
-15.68	35.38	54.48
-17.94	41.75	40.59
-1.24	68.46	-.87
36.61	7.46	32.8
-46.61	11.59	52.37
-50.37	30.04	-11.58
-35.3	-79.75	-42.7
18.45	-88.15	-4.69

// Kédia G, 2008: Interaction [(guilt + other-anger) - (self-anger + 
// compassion)]
// Subjects=29
10	43	13
6	1	7
-22	4	-11
-1	-62	32
-50	-69	10
52	-58	14
6	39	37
24	12	-21
20	1	-14
-15	-3	3
-8	1	7
-47	-69	21

// Graf H, 2013: Erotic Expectancy > Neutral Expectancy, Placebo
// Subjects=18
-4	36	0
10	36	-2
-10	26	22
8	24	24
-8	12	36
8	16	28
-10	-26	36
16	-20	36
-10	-50	22
4	-44	14
-4	-30	-24
6	-30	-24
-16	0	4
14	6	-2
-10	-14	4
8	-16	0
-6	0	-8
6	0	-6
-24	-28	-8
-44	28	36
26	22	36
-26	50	10
38	50	10
-32	36	16
34	46	22
-30	18	4
30	18	2
-34	-2	6
38	-6	2
-32	-12	2
34	-10	8
-50	-14	0
50	-20	4
-54	-56	6
46	-56	6
-52	-36	18
48	-26	26
12	-56	8
-22	-66	-18
14	-70	-32

// Donnay G F, 2014: ScaleImprov > Control
// Subjects=11
-44	29	8
-60	8	14
-56	-6	-2
-6	18	48
-56	-62	-10
-54	-42	2
-42	-36	40
-24	-70	48
-2	22	40
-26	-72	24
52	22	2
56	16	0
66	-46	20
6	22	58
58	-58	-10
58	-38	2
58	-36	50
20	-72	50
12	60	32
44	-72	-16

// Lu H, 2009: Control > Placebo
// Subjects=14
-35.26	0.19	29.61
-41.86	41.96	28.95
-60.01	7.42	39.4
-22.89	5.65	-15.96
-35.9	20.6	-16.1
-60.1	-21.69	26.6
-11	-57.31	56.18
-68.84	-11.5	21.26
-70.94	-11.09	25.73
-52.94	-13.73	-3.45
-51.08	6.95	-23.45
-46.06	-77.54	13.96
-48.44	-6.94	11.49
-16.23	-30.17	-9.17
-29	-9.1	10.26
67.07	9.21	5.69
35.89	33.2	22.89
69.6	-20.82	28.78
53.72	-12.96	56.29
60.29	8.07	-17.62
53.27	-61.24	10.65
40.06	9.12	6.16
14.61	14.79	45.25
14.15	31.03	12.27
18.5	-21.26	3.93
29.01	5.08	-13.43
33.42	12.31	-5.25

// Meseguer V, 2007: Negative > Neutral (Activations)
// Subjects=14
52.41	21.62	8.01
-42.5	7.71	29.23
-42.79	37.71	4.41
-25.86	15.16	-27.35
-3.88	13.96	51.68
42	5.81	38.46
-28.68	38.88	32.03
41.5	2.78	-28.2
-33.31	4.45	-27.48
-53.07	-44.94	23.73
60.81	2.61	-18.37
48.39	-55.94	10.1
-43.51	-57.54	11.29
-10.4	-70.72	3.1
18.39	-56.89	0.49
-12.36	-45.87	35.61
11.1	-82.42	14.98
44.93	-41.01	-16.76
40.79	-71.53	-11.92
-38.38	-47.68	-13.01
5.19	33.55	-12.52
-7.28	14.09	26.06
-3.92	-37.07	24.74
20.5	-47.27	0.78
14.88	-15.09	-23.05
-37.26	-47.16	-6.38
-16.91	-47.67	-.99
34.51	-30.59	22.64
-46.96	-6.35	-.77
29.84	-.66	-16.62
-30.04	-2.59	-22.46
18.31	-6.16	9.62
-23.38	-23.04	1.48
32.04	3.3	-6.94
5.44	-44.07	-11.59

// Picchioni M, 2007: WM 4 < WM 12
// Subjects=14
20.38	-71.62	-25.06
-18.06	-67.11	-18.31
5.37	-19.5	-10.3
12.67	28.13	-14.38
1	16.86	-7.72
-22.11	-89.02	1.42
13.11	-77.18	0.02
-2.89	-72.53	6.51
55.8	-48.92	3.85
59.05	-48.47	9.36
-10.32	-72.15	12.14
20.7	-68.28	18.15
20.82	-74.74	30.96
5.42	54.6	25.86
5.91	-62.25	42.35

// Lassalle A, 2017: Healthy Controls
// Subjects=21
-50	34	14
-50	18	30
-50	40	12
-36	0	32
-32	30	-8
58	-58	8
60	-40	12
62	-46	10
42	-78	-8
32	-68	-20
-32	-78	-22
-48	-80	-2
-30	-102	4
-40	-60	-18
-38	-54	-20
-6	-14	-8
-10	-12	18
12	14	4
-16	-4	20
18	-4	2
-12	-10	-16

// Wang A T, 2006: Normal Children
// Subjects=12
-61.42	-21.33	7.54
66.06	-14.29	6.91
-63.54	-38.56	7.04
48.94	-41.59	14.38
53.05	-30.06	-.27
-61.73	0.41	-12.54
-58.99	-63.04	20.58
53.32	-63.05	14.19
48.85	-70.7	1.58
-44.05	-73.15	3.4
48.24	5.72	-30.63
-18.15	-88.57	-2.24
5.75	-85.32	8.24
-33.35	-82.66	-7.04
44.42	-62.83	-5.85
-42.17	-51.2	-14.49
40	-52.62	-11.27
-2.89	-94.07	7.01
20.95	-95.7	11.25
-9.17	-101.36	21.29
8.16	-96.63	25.01
31.71	-78.44	11.6
-56.79	9.45	38.03

// Peth J, 2015: Guilty Action
// Subjects=20
-52	32	-4
-36	24	-2
-44	18	24
34	26	-4
42	8	34
4	24	52
-62	-50	32
66	-40	34
48	18	28
52	-46	32

// Sun D, 2015: Main effect of face (F>U)
// Subjects=17
-8	-56	20
-2	60	-4
54	-6	-24
-44	-68	20
50	-58	12

// Yin L, 2016: Main effect of means (Lies>Truth)
// Subjects=38
58	-48	12
-3	22	60
-36	22	9
40	16	24

// Kana R K, 2014: Healthy Controls
// Subjects=15
-60	-64	14
62	-52	16
-40	8	48
6	-54	48
40	-42	-22
46	10	44
34	20	-12

// Georgescu A L, 2013: Healthy Controls
// Subjects=13
47	-68	-2
-45	-72	2
48	2	6
41	8	3
12	-51	66
-5	-35	60
-51	-32	8
57	-41	12
47	-36	23
65	-47	15

// Redcay E, 2013: Healthy Controls
// Subjects=13
58	-50	50
2	34	56
60	16	4
-28	48	24
-46	-48	42
-4	-42	48
64	-30	26
46	-46	14
2	-74	42
48	12	46
-48	20	0
2	8	56
50	26	-10
50	-64	12

// Hadjikhani N, 2014: Healthy Controls
// Subjects=31
62	-52	12
48	-66	-4
38	-84	-20
60	-40	12
30	-90	-12
50	-64	-2
56	-24	-10
60	-58	8
42	-60	-22
64	-32	22
16	-8	-16
56	10	-24
64	-50	18
64	2	-18
-66	-42	16
-50	-50	6
-46	-78	0
-50	-50	20
-28	-92	-2
-36	-86	-4
-48	-34	22
56	-50	-38
-48	-16	-14
-58	2	-20
-34	6	-24
-22	0	28
-40	30	-16
-56	26	6
-42	22	-12
-52	30	0
-32	6	-18
-14	54	28
-8	62	34
58	28	-4
22	14	-26
48	32	-10
40	-6	-14
2	50	28
0	52	-18
8	52	10
0	-32	-6

// Haist F, 2005: Healthy Controls
// Subjects=8
49.41	1.83	27.55
-42.51	5.42	27.19
42.26	-13.54	63.49
32.5	-5.19	48.41
-31.65	1.82	48.56
42.87	31.14	21.82
49.25	35.32	20.28
-33.21	50.55	4.34
-33.22	56.98	4.92
41.88	12.18	24.54
-54.25	-2.14	26.85
5.64	21.8	41.99
-2.9	20.69	42.18
-8.32	15.48	30.42
16.23	18.63	27.64
46.57	-24.09	64.33
-53.02	-20.31	39.51
-51.95	-41.08	32.31
27.37	-64.44	53.44
-28.19	-63.63	55.12
22.03	-69.93	51.73
-7.92	-60.59	51.29
-51.86	-44.62	41.53
61.22	-46.97	14.78
64.39	-47.3	10.31
-53.18	-41.66	11.19
38.87	-87.97	9.55
48.28	-68.05	-8.95
-39.39	-62.4	-10.65
-32.94	-69.68	-9
33.17	14.91	5.45
-32.02	16.63	6.06
16.19	-16.92	8.32
-12.72	-1.23	7.33
-16	19.9	5.6
23.62	-3.13	7.08
-.99	-55.2	-17.27
6.47	-75.22	-29.06
43.82	-63.36	-30.48
-25.64	-55.06	-27.04
-26.26	-3.17	52.26
-43.43	2.55	45.29
-53.16	9.04	33.7
-34.27	49.48	4.44
56.85	8.04	24.72
-48.91	7.75	30.42
-51.03	8.97	32.57
3.65	-4.22	49.77
-3.9	12.65	48.45
11.14	-1.81	52.83
11.35	-22.73	71.31
-51.91	-20.93	45.12
48.65	-35.68	51.9
-6.87	-61.82	49.15
30.41	-75.02	26.41
65.47	-47.2	11.41
-42.44	-46.62	14.83
50.56	-73.18	7.07
32.12	15.07	7.68
-30.93	17.95	9.28
-40.52	5.03	8.24
-9.49	-13.01	6.05
25.69	9.4	3.77
7.56	-76.01	-25.66

// Antonova E, 2009: Older Normals
// Subjects=10
55.78	7.95	23.62
-32.83	-29.05	21.05
51.38	9.98	9
51.53	8.27	28.1
-25.16	-6.08	55.84
-41.13	-22.04	57.36
28.2	-2.13	47.09
59.06	-12.12	25.27
44.11	-69.16	4.57
-41.38	-69.68	5.6
27.86	-46.31	-15
-48.78	-28.28	32.32
63.3	-16.84	18.92
51.62	-60.06	11.53
-25.25	-71.9	16.75
12.92	-22.02	-2.37
25.15	-66.45	41.36
-5.75	-73.44	50.11
25.15	-74.11	38.66
-25.27	-80.87	10.81
-25.33	-89.13	0.35
32.48	-80.01	16.77
20.58	-93.68	-7.6
-13.55	-93.29	0.57
5.38	-22.67	-10.03
-22.22	-85.74	-11.12
8.45	-69.09	-46.32
-13.74	-13.93	8.41
16.16	-9.52	7.7
-25.51	-2.11	10.9
-13.66	-13.07	19.49

// Doll A, 2016: [Attention to breath(ATB)-Passive viewing(PV)]picture - 
// [ATB-PV]no-picture
// Subjects=26
-60	-40	25
-60	-40	16
-57	-55	7
0	-46	52
66	-34	28
60	-46	13
63	-40	46
6	23	40
-6	32	25
-36	-49	16
-48	-28	-2
-63	-46	22

// Oh T, 2011: Irregular > Regular
// Subjects=19
14.81	54.46	-4.34
23.66	47.83	32.91
39.74	35.23	33.78
14.19	22.9	41.8
42.43	0.28	-46.96
4.71	-15.22	45.11
-24.62	-23.7	-20.76
10.64	-36.7	-26.76
-18.28	-47.41	-38.91
7.02	-42.01	56.25
-24.45	-48.31	-8.66
4.41	-51.31	-8.74
61.36	-51.06	30.74
59.09	-52.44	13.03
15.32	-53.33	19.19
-49.8	-65.19	23.16

// Ongur D, 2005: Recognition of Previously Seen Pairs
// Subjects=15
42	-24	-16
-46	-24	-18
8	46	-2
-18	28	-2
-8	44	-10
22	6	18
42	18	-40
-36	2	-6
42	-56	-2
56	-58	10
26	-52	14
4	22	30
30	26	36
-44	30	6
20	-46	26
8	-22	28
-6	-26	10

